9789866745034
9789579542999
9789865562144
9789865562137
9789865562205
9789863840053
9789863840121
9789863840367
9789863618447
9789863619079
9789865064709
9789866807060
9789866807077
9789865880965
9789865880972
9789868010901
9789868010918
9789868010925
9789572801208
9789572801215
9789572801222
9789574694327
9789574695232
9789861209166
9789866651298
9789867001665
9789570916829
9789866702112
9789866745034
9789865880583
9789869356213
9789869683302
9789869683319
9789573322597
9789573057758
9789862720912
9789869170987
9789868166400
9789868040212
9789577453488
9789866571022
9789866712142
9789866712418
9789862621097
9789866473203
9789868804906
9789862620144
9789862161272
9789865723392
9789861771762
9789573322870
9789573323198
9789573323488
9789573323709
9789867399199
9789861244488
9789570494020
9789861333410
9789573322290
9789576217470
9789863429647
9789867261014
9789866899881
9789575450205
9789574806638
9789862131893
9789866535093
9789866503016
9789571344157
9789869452427
9789861737584
9789867124111
9789869931076
9789572845752
9789572870549
9789867576118
9789867576477
9789867576590
9789867576606
9789867386076
9789573245728
9789570515503
9789570518023
9789867896247
9789867592095
9789576770647
9789571349138
9789571349480
9789577336033
9789575609849
9789867759160
9789575608767
9789573258605
9789573327790
9789573327844
9789573327851
9789864451951
9789867399175
9789866841224
9789579184533
9789570349689
9789570349856
9789868112698
9789866562198
9789867600318
9789577453495
9789577453495
9789862290873
9789570494044
9789579184113
9789572813690
9789862130209
9789862130667
9789571351483
9789571345826
9789571343174
9789571344584
9789867399038
9789867399489
9789573314745
9789861243979
9789573323273
9789578701083
9789578701557
9789862098745
9789866525339
9789573261162
9789573255307
4717702053796
9789575457327
9789575457327
9789574503414
9789574504879
9789573249443
9789866665578
9789575453435
9789862876527
9789861740485
9789867299536
9789867189189
9789867189806
9789861744469
9789861742649
9789867299208
9789867427885
9789866562709
9789862376027
9789867475909
9789862376027
9789571032139
9789867475909
9789866562327
9789575645250
9789575649777
9789579447669
9789861747965
9789869475495
9789869475495
9789866026768
9789571019635
9789571020259
9789571026831
9789571027111
9789571027128
9789571014906
9789571017204
9789571019376
9789571021027
9789571021034
9789863374565
9789863480945
9789863487159
9789864622719
9789864824267
9789571013282
9789571014500
4719863045238
4719863046648
1920193005400
9789571343891
9789571341644
9789867475800
9789577336880
9789577337139
9789575744755
9789861247816
9789869435192
9789576217005
9789576218217
9789867001030
9789862620038
9789576217739
9789866651342
9789866651588
9789866651694
9789576218439
9789867782946
9789861731087
9789576217760
9789574505180
9789574505111
9789574504503
9789574504510
9789576217319
9789573258933
9789573258964
9789573258957
9789573258940
9789867576460
9789867576637
9789867576798
9789867131102
9789867576958
9789867427700
9789867427717
9789867427908
9789867427915
9789867427922
9789867427939
9789573022596
9789861741321
9789861745275
9789862378458
9789863250142
9789863662549
9789863661436
9789863257721
9789863256038
9789863253914
9789862879511
9789862877692
9789862874189
9789862873083
9789862870891
9789862378472
9789862376256
9789862375266
9789862373699
9789862371411
9789861749839
9789861747392
9789861745695
9789861745329
9789861744827
9789861744360
4710601042670
9789578661066
9789578661097
9786267061183
9789869641425
9789866628023
9789867184528
9789867184511
9789867131065
9789867131904
9789867131270
9789572602591
9789572602645
9789572602638
9789572602621
9789572602614
9789572602607
9789574731770
9789574732470
9789574734610
9789574736461
9789577258144
9789572520666
9789572520659
9789572520642
9789572520635
9789572520628
9789572514191
9789572510629
9789577258137
9789577258120
9789577258113
9789577258106
4710765210809
9780785156598
9781595822642
9789862620694
9789861206066
9787542729040
9787544140447
9789578557598
9789574443482
9789570800579
9789573311447
9789579318594
9789575607098
9789577514561
9789579525213
9789579525435
9789579016032
9789579016001
9789579016094
9789576741951
9789578032620
9789578031586
9789578031609
9789578031814
9789578031944
9789578032095
9789578032644
9789578032637
9789573322245
9789573322634
9789573322948
9789573323235
9789573323501
9789573323938
9789573324249
9789573324966
9789573325727
9789573326113
9789579016018
9789573315452
9789867415868
9789573900894
9789573900702
9789576456831
9789579016018
9789867415851
9789861205786
9789571326276
9789571319131
9789629731908
9789629730628
9789629731540
9789629732158
9789629731069
9789867793348
9789867793287
9789867793225
9789867793188
9789578635890
9789578635906
9789575698218
9789575698225
9789575698232
9789575698249
9789864453290
9789864453320
9789571034034
9789571032924
9789571032757
9789866651618
9789869041829
9789869041881
9789869356381
9789866899539
9789867494993
9789866815959
9789866815102
9789867450593
9789869041812
9789866651045
9789868039315
9789868039322
9789868039353
9789868058149
9789572810804
9789578635920
9789575696139
9789575696078
9789575695811
9789575695682
9789575695552
9789575695385
9789575695248
9789575695057
9789575694555
9789575694418
9789575694302
9789575694111
9789575694067
9789575693909
9789575693893
9789575693671
9789575693671
9789575693626
9789575693619
9789575693602
9789575692773
9789575692490
9789575692483
9789575692476
9789575692469
9789575692506
9789629881085
9789629881054
9789629881030
9789629880927
9789629880798
9789629880767
9789629880682
9789629880613
9789629880354
9789629880309
9787539949796
9787539949789
9787539952680
9787539954349
9787539954356
9787539954363
9787539954370
9787539957715
9787539957708
9787539962221
9787539962214
9787539966229
9787539960999
9787539960982
9787539960975
9789576457159
9789576457142
9789576457135
9789575696818
9789575696825
9789575696832
9789575696849
9789575697310
9789575697327
9789575697471
9789575697587
9789577081599
9789577087676
9789577081704
9789573313328
9789576212604
9789573313328
9789573313328
9789868245143
9789573016878
9789574445394
9789578269361
9789571097329
9789575742348
9789572009185
4712568601815
9789574447633
9789866992483
9789869466301
9789571341675
9789575457037
9789575456672
9789573314745
9789867600622
9789575451615
9789576213373
9789576213625
9789571348407
9789570823622
9789570823639
9789570823646
9789570823653
9789570823660
9789570823677
9789570823684
9789570823691
9789570823707
9789570823714
9789570823721
9789573314998
9789570916898
9789575220440
9789570815290
9789571301174
9789571300382
9789578269248
9789867450326
9789867689108
9789867689184
9789573315759
9789573313328
9789573316855
9789573316855
9789573316862
9789573318545
9789573318460
9789573319993
9789573320432
9789573321859
9789573326885
9789573319535
9789573316817
9789573318200
9789576291586
9789867475954
9789572044278
9789578269460
9789867759061
9789867689245
9789579092746
9789624493221
9789576770364
9789576770791
9789576770364
9789576770647